Date,Country/Region,Province/State,FIPS,Latitude,Longitude,Confirmed,Deaths,Recovered,Incident_Rate,Incidence_Rate,Case-Fatality_Ratio,Active Cases,Previous Confirmed,Previous Deaths,Previous Recovered,Previous Active,Prev2 Confirmed,abbr.,Population,Land Area (mi²),Daily Confirmed,Daily Deaths,Daily Recovered,Daily Active,Previous Daily Confirmed
2021-05-13,US,Alabama,241491.0,2203.24678369,-5809.578199250002,532895,11001,0,728901.5766984078,0.0,0.0,521894,531751,10997,0,520754,531404,AL,4903185,50645.0,1144,4,0,1140,347
2021-05-13,US,Alaska,154366.0,1810.4399517400002,-4470.2183682,69351,353,0,213785.14533263407,0.0,0.0,68998,69267,353,0,68914,69178,AK,731545,570641.0,84,0,0,84,89
2021-05-13,US,Arizona,230216.0,505.13855463,-1671.9484819,871168,17438,0,185168.77043655742,0.0,0.0,853730,870624,17430,0,853194,870155,AZ,7278717,113594.0,544,8,0,536,469
2021-05-13,US,Arkansas,470630.0,2618.39170427,-6932.548370129999,338235,5783,0,843533.055370595,0.0,0.0,332452,338043,5777,0,332266,337819,AR,3017804,52035.0,192,6,0,186,224
2021-05-13,US,California,441370.0,2194.94977547,-7002.258461499999,3764405,62573,0,458005.8998082058,0.0,0.0,3701832,3763281,62472,0,3700809,3761779,CA,39512223,155779.0,1124,101,0,1023,1502
2021-05-13,US,Colorado,685999.0,2491.870365929999,-6751.119357399998,528533,6423,0,587359.573766156,0.0,0.0,522110,526687,6402,0,520285,525474,CO,5758736,103642.0,1846,21,0,1825,1213
2021-05-13,US,Connecticut,162073.0,332.90944112,-581.25463743,344612,8168,0,70298.69746276003,0.0,0.0,336444,344141,8161,0,335980,343954,CT,3565278,4842.0,471,7,0,464,187
2021-05-13,US,Delaware,120019.0,117.32783047000001,-226.59971236999996,106580,1648,0,32033.1679722158,0.0,0.0,104932,106455,1644,0,104811,106341,DE,973764,1949.0,125,4,0,121,114
2021-05-13,US,Diamond Princess,88888.0,0.0,0.0,49,0,0,0.0,0.0,0.0,49,49,0,0,49,49,,,,0,0,0,0,0
2021-05-13,US,District of Columbia,11001.0,38.90417773,-77.01655992,48404,1115,0,6858.529023774741,0.0,0.0,47289,48336,1115,0,47221,48282,DC,705749,61.0,68,0,0,68,54
2021-05-13,US,Florida,898562.0,1939.0305769000004,-5540.949841920001,2282613,35929,0,678303.0284540239,0.0,0.0,2246684,2278549,35882,0,2242667,2275365,FL,21477737,53625.0,4064,47,0,4017,3184
2021-05-13,US,Georgia,2262703.0,5216.5566110300015,-13288.811358250005,1113411,20450,0,1640175.0435068777,0.0,0.0,1092961,1112297,20432,0,1091865,1111376,GA,10617423,57513.0,1114,18,0,1096,921
2021-05-13,US,Grand Princess,99999.0,0.0,0.0,103,3,0,0.0,0.0,0.0,100,103,3,0,100,103,,,,0,0,0,0,0
2021-05-13,US,Guam,66.0,13.4443,144.7937,8063,139,0,4909.607925518636,0.0,0.0,7924,8061,139,0,7922,8044,,,,2,0,0,2,17
2021-05-13,US,Hawaii,230050.0,83.96258988,-629.6578231999999,34991,489,0,7184.493019585414,0.0,0.0,34502,34917,489,0,34428,34870,HI,1415872,6423.0,74,0,0,74,47
2021-05-13,US,Idaho,795952.0,1947.5896553700004,-5036.245496399999,189735,2064,0,406780.86091688834,0.0,0.0,187671,189586,2064,0,187522,189361,ID,1787065,82643.0,149,0,0,149,225
2021-05-13,US,Illinois,1914438.0,4064.04900553,-9096.1896671,1361569,24671,0,1153681.341752069,0.0,0.0,1336898,1359651,24640,0,1335011,1357843,IL,12671821,55519.0,1918,31,0,1887,1808
2021-05-13,US,Indiana,1754482.0,3665.036491239999,-7932.1082973199955,732692,13450,0,973474.1539700711,0.0,0.0,719242,731810,13445,0,718365,730969,IN,6732219,35826.0,882,5,0,877,841
2021-05-13,US,Iowa,1980820.0,4160.9610923300015,-9253.08642292,368822,5997,0,1155915.9796015818,0.0,0.0,362825,368566,5994,0,362572,368192,IA,3155070,55857.0,256,3,0,253,374
2021-05-13,US,Kansas,2281065.0,4040.9647841699993,-10298.87791087,312839,5030,0,1176336.0819775725,0.0,0.0,307809,312801,5030,0,307771,312401,KS,2913314,81759.0,38,0,0,38,400
2021-05-13,US,Kentucky,2624421.0,4514.657262000001,-10223.986874159998,451213,6637,0,1182257.5202289247,0.0,0.0,444576,450541,6630,0,443911,449864,KY,4467673,39486.0,672,7,0,665,677
2021-05-13,US,Louisiana,1582140.0,1989.9153525399995,-5876.747945990001,464412,10469,0,672400.3455965412,0.0,0.0,453943,463997,10463,0,453534,463517,LA,4648794,43204.0,415,6,0,409,480
2021-05-13,US,Maine,538302.0,715.0030145,-1112.38029805,65044,798,0,64730.16799330157,0.0,0.0,64246,64748,798,0,63950,64457,ME,1344212,30843.0,296,0,0,296,291
2021-05-13,US,Maryland,667103.0,936.3580965699999,-1840.2112226099996,454745,8896,0,172245.81200088738,0.0,0.0,445849,454271,8879,0,445392,453800,MD,6045680,9707.0,474,17,0,457,471
2021-05-13,US,Massachusetts,390195.0,548.2931997600001,-930.50164915,699908,17722,0,111713.19448230338,0.0,0.0,682186,699187,17712,0,681475,698427,MA,6892503,7800.0,721,10,0,711,760
2021-05-13,US,Michigan,2334941.0,3655.6204674499986,-7070.080729440003,972746,19646,0,716342.1973580247,0.0,0.0,953100,970376,19528,0,950848,967611,MI,9986857,56539.0,2370,118,0,2252,2765
2021-05-13,US,Minnesota,2446596.0,3963.0251292199996,-8215.492913339998,591445,7367,0,944252.0997290236,0.0,0.0,584078,590436,7348,0,583088,589527,MN,5639632,79627.0,1009,19,0,990,909
2021-05-13,US,Mississippi,2392752.0,2689.00357846,-7350.949515640001,314509,7247,0,919104.7434392363,0.0,0.0,307262,314147,7244,0,306903,313942,MS,2976149,46923.0,362,3,0,359,205
2021-05-13,US,Missouri,3438566.0,4460.984726270001,-10729.940478620003,598931,9258,0,1098619.37757615,0.0,0.0,589673,598292,9252,0,589040,597754,MO,6137428,68742.0,639,6,0,633,538
2021-05-13,US,Montana,1773166.0,2630.5827033899996,-6143.222113400001,110429,1597,0,550145.3485741196,0.0,0.0,108832,110317,1595,0,108722,110107,MT,1068778,145546.0,112,2,0,110,210
2021-05-13,US,Nebraska,2981680.0,3842.9269300899973,-9210.62813682,222247,2286,0,895983.0085427423,0.0,0.0,219961,222088,2257,0,219831,221911,NE,1934408,76824.0,159,29,0,130,177
2021-05-13,US,Nevada,634806.0,667.3519446600001,-1998.5878900999996,320150,5523,0,126651.87445239839,0.0,0.0,314627,319714,5515,0,314199,319250,NV,3080156,109781.0,436,8,0,428,464
2021-05-13,US,New Hampshire,420133.0,434.78972876,-715.77656705,97304,1326,0,60969.21256028705,0.0,0.0,95978,97093,1322,0,95771,96933,NH,1359711,8953.0,211,4,0,207,160
2021-05-13,US,New Jersey,804475.0,846.0152591300001,-1567.07144401,1009521,25906,0,227691.07589740393,0.0,0.0,983615,1009093,25882,0,983211,1008607,NJ,8882190,7354.0,428,24,0,404,486
2021-05-13,US,New Mexico,1246030.0,1140.1288462999999,-3494.2745445,200432,4112,0,272737.15627194825,0.0,0.0,196320,200232,4111,0,196121,200037,NM,2096829,121298.0,200,1,0,199,195
2021-05-13,US,New York,2405916.0,2637.7373826599996,-4679.39936508,2079749,52866,0,504990.62288685975,0.0,0.0,2026883,2077563,52825,0,2024738,2075539,NY,19453561,47126.0,2186,41,0,2145,2024
2021-05-13,US,North Carolina,3800037.0,3562.4209710000014,-7950.109873960003,987837,12853,0,949718.7146211333,0.0,0.0,974984,986443,12830,0,973613,984950,NC,10488084,48618.0,1394,23,0,1371,1493
2021-05-13,US,North Dakota,2106847.0,2511.8558565800004,-5313.217852090001,108877,1533,0,694656.917220886,0.0,0.0,107344,108763,1532,0,107231,108652,ND,762062,69001.0,114,1,0,113,111
2021-05-13,US,Northern Mariana Islands,69.0,15.0979,145.6739,170,2,0,308.2837661395618,0.0,0.0,168,170,2,0,168,170,,,,0,0,0,0,0
2021-05-13,US,Ohio,3529783.0,3547.3389435400018,-7289.51590458,1088343,19441,0,805130.5447423318,0.0,0.0,1068902,1087182,19441,0,1067741,1085733,OH,11689100,40861.0,1161,0,0,1161,1449
2021-05-13,US,Oklahoma,3256009.0,2733.6474108,-7488.35776672,450696,6878,0,908585.9999764157,0.0,0.0,443818,450543,6878,0,443665,450400,OK,3956971,68595.0,153,0,0,153,143
2021-05-13,US,Oregon,1567337.0,1601.7264242899996,-4373.1691055,193732,2572,0,173747.21944045508,0.0,0.0,191160,193014,2560,0,190454,192416,OR,4217737,95988.0,718,12,0,706,598
2021-05-13,US,Pennsylvania,2908531.0,2734.8112497699994,-5200.22629518,1182589,26666,0,620378.2698770445,0.0,0.0,1155923,1180020,26609,0,1153411,1178083,PA,12801989,44743.0,2569,57,0,2512,1937
2021-05-13,US,Puerto Rico,5767870.0,1422.729273,-5179.588873999999,136199,2421,0,281116.1883106213,0.0,0.0,133778,135871,2412,0,133459,135726,,,,328,9,0,319,145
2021-05-13,US,Recovered,0.0,0.0,0.0,0,0,0,0.0,0.0,0.0,0,0,0,0,0,0,,,,0,0,0,0,0
2021-05-13,US,Rhode Island,310069.0,208.27571053,-357.32052549,150231,2698,0,53272.38775975509,0.0,0.0,147533,150252,2696,0,147556,150097,RI,1059361,1034.0,-21,2,0,-23,155
2021-05-13,US,South Carolina,2162161.0,1562.0437180300005,-3725.2363858399995,585957,9619,0,515289.9614583654,0.0,0.0,576338,585601,9603,0,575998,585219,SC,5148714,30061.0,356,16,0,340,382
2021-05-13,US,South Dakota,3130531.0,2921.9978651999995,-6554.50198811,123599,1989,0,882984.6242876465,0.0,0.0,121610,123518,1988,0,121530,123435,SD,884659,75811.0,81,1,0,80,83
2021-05-13,US,Tennessee,4644119.0,3409.0847101599993,-8180.328683919998,856428,12305,0,1213721.0354839365,0.0,0.0,844123,855587,12296,0,843291,854918,TN,6829174,41235.0,841,9,0,832,669
2021-05-13,US,Texas,12346564.0,8041.803434339999,-25057.879425249983,2924766,50840,0,2620987.027433761,0.0,0.0,2873926,2922680,50785,0,2871895,2920043,TX,28995881,261232.0,2086,55,0,2031,2637
2021-05-13,US,Utah,433320.0,520.18720149,-1448.9914145999999,401669,2255,0,149160.4960560518,0.0,0.0,399414,401251,2249,0,399002,400783,UT,3205958,82170.0,418,6,0,412,468
2021-05-13,US,Vermont,790246.0,618.2329411800001,-1017.58132988,23724,252,0,51421.05170640166,0.0,0.0,23472,23651,252,0,23399,23606,VT,623989,9217.0,73,0,0,73,45
2021-05-13,US,Virgin Islands,78.0,18.3358,-64.8963,3261,27,0,3040.049222508111,0.0,0.0,3234,3256,27,0,3229,3233,,,,5,0,0,5,23
2021-05-13,US,Virginia,6908162.0,4996.29799326,-10442.323660759994,668726,10961,0,1106680.1364163426,0.0,0.0,657765,668147,10934,0,657213,667586,VA,8535519,39490.0,579,27,0,552,561
2021-05-13,US,Washington,2158574.0,1842.11767038,-4708.049596200001,419382,5626,0,214959.08201244002,0.0,0.0,413756,418020,5614,0,412406,416930,WA,7614893,66456.0,1362,12,0,1350,1090
2021-05-13,US,West Virginia,3063079.0,2134.78395387,-4433.959998229999,157626,2751,0,468883.8334446766,0.0,0.0,154875,157215,2748,0,154467,156875,WV,1792147,24038.0,411,3,0,408,340
2021-05-13,US,Wisconsin,4055174.0,3196.450331630001,-6465.454558629999,668208,7706,0,807487.0771230151,0.0,0.0,660502,667637,7687,0,659950,666974,WI,5822434,54158.0,571,19,0,552,663
2021-05-13,US,Wyoming,1378585.0,990.9983666200001,-2464.5245707,58996,712,0,221764.9223995088,0.0,0.0,58284,58893,712,0,58181,58835,WY,578759,97093.0,103,0,0,103,58
