Date,Country/Region,Confirmed,Deaths,Recovered,Active Cases,Previous Confirmed,Previous Deaths,Previous Recovered,Previous Active,Prev2 Confirmed,Previous Week Confirmed,Population,Daily Confirmed,Daily Deaths,Daily Recovered,Daily Active,Previous Daily Confirmed,Weekly Confirmed
2021-02-26,Afghanistan,55696,2442,0,53254,55680,2438,0,53242,55664,55575,32225560,16,4,0,12,16,121
2021-02-26,Albania,105229,1756,0,103473,104313,1736,0,102577,103327,97909,2862427,916,20,0,896,986,7320
2021-02-26,Algeria,112805,2977,0,109828,112622,2973,0,109649,112461,111600,43000000,183,4,0,179,161,1205
2021-02-26,Andorra,10822,110,0,10712,10799,110,0,10689,10775,10645,77543,23,0,0,23,24,177
2021-02-26,Angola,20759,504,0,20255,20695,502,0,20193,20640,20478,31127674,64,2,0,62,55,281
2021-02-26,Antigua and Barbuda,701,14,0,687,701,14,0,687,646,548,96453,0,0,0,0,55,153
2021-02-26,Argentina,2098728,51887,0,2046841,2093645,51795,0,2041850,2085411,2054681,44938712,5083,92,0,4991,8234,44047
2021-02-26,Armenia,171510,3183,0,168327,171227,3179,0,168048,170945,170011,2957500,283,4,0,279,282,1499
2021-02-26,Australia,28965,909,0,28056,28957,909,0,28048,28947,28920,25654023,8,0,0,8,10,45
2021-02-26,Austria,454860,8515,0,446345,452767,8493,0,444274,450376,441659,8902600,2093,22,0,2071,2391,13201
2021-02-26,Azerbaijan,233989,3213,0,230776,233770,3209,0,230561,233644,232829,10067108,219,4,0,215,126,1160
2021-02-26,Bahamas,8519,179,0,8340,8496,179,0,8317,8496,8403,,23,0,0,23,0,116
2021-02-26,Bahrain,121127,442,0,120685,120495,439,0,120056,119858,116482,1543300,632,3,0,629,637,4645
2021-02-26,Bangladesh,545424,8395,0,537029,544954,8384,0,536570,544544,542674,168310034,470,11,0,459,410,2750
2021-02-26,Barbados,2994,33,0,2961,2949,32,0,2917,2907,2677,287025,45,1,0,44,42,317
2021-02-26,Belarus,284500,1957,0,282543,282898,1948,0,280950,281707,275322,9413446,1602,9,0,1593,1191,9178
2021-02-26,Belgium,766654,22034,0,744620,763885,22006,0,741879,760809,749739,11524454,2769,28,0,2741,3076,16915
2021-02-26,Belize,12293,315,0,11978,12280,315,0,11965,12271,12227,,13,0,0,13,9,66
2021-02-26,Benin,5434,70,0,5364,5434,70,0,5364,5434,5143,11733059,0,0,0,0,0,291
2021-02-26,Bhutan,867,1,0,866,867,1,0,866,867,866,741672,0,0,0,0,0,1
2021-02-26,Bolivia,247891,11609,0,236282,246822,11577,0,235245,245719,240676,11469896,1069,32,0,1037,1103,7215
2021-02-26,Bosnia and Herzegovina,130979,5071,0,125908,130510,5062,0,125448,129753,127537,3301000,469,9,0,460,757,3442
2021-02-26,Botswana,28371,310,0,28061,28371,310,0,28061,27721,26524,,0,0,0,0,650,1847
2021-02-26,Brazil,10455630,252835,0,10202795,10390461,251498,0,10138963,10324463,10084208,211288170,65169,1337,0,63832,65998,371422
2021-02-26,Brunei,185,3,0,182,185,3,0,182,185,185,442400,0,0,0,0,0,0
2021-02-26,Bulgaria,245627,10128,0,235499,243946,10079,0,233867,242124,235891,7000039,1681,49,0,1632,1822,9736
2021-02-26,Burkina Faso,11939,142,0,11797,11914,142,0,11772,11887,11763,20870060,25,0,0,25,27,176
2021-02-26,Burma,141875,3198,0,138677,141841,3198,0,138643,141816,141728,,34,0,0,34,25,147
2021-02-26,Burundi,2143,3,0,2140,2106,3,0,2103,2069,1955,,37,0,0,37,37,188
2021-02-26,Cabo Verde,15253,146,0,15107,15201,145,0,15056,15161,14948,,52,1,0,51,40,305
2021-02-26,Cambodia,767,0,0,767,741,0,0,741,697,484,15288489,26,0,0,26,44,283
2021-02-26,Cameroon,35714,551,0,35163,35714,551,0,35163,33749,33749,26545864,0,0,0,0,1965,1965
2021-02-26,Canada,866667,21915,0,844752,863495,21868,0,841627,860348,845673,37966227,3172,47,0,3125,3147,20994
2021-02-26,Central African Republic,5004,63,0,4941,5004,63,0,4941,5004,5001,5496011,0,0,0,0,0,3
2021-02-26,Chad,3957,138,0,3819,3934,137,0,3797,3904,3776,15692969,23,1,0,22,30,181
2021-02-26,Chile,816929,20400,0,796529,812344,20310,0,792034,807872,791939,19107216,4585,90,0,4495,4472,24990
2021-02-26,China,100885,4834,0,96051,100851,4834,0,96017,100832,100705,1401870440,34,0,0,34,19,180
2021-02-26,Colombia,2244792,59518,0,2185274,2241225,59396,0,2181829,2237542,2217001,49395678,3567,122,0,3445,3683,27791
2021-02-26,Comoros,3558,144,0,3414,3552,144,0,3408,3539,3473,,6,0,0,6,13,85
2021-02-26,Congo (Brazzaville),8820,128,0,8692,8820,128,0,8692,8820,8419,5518092,0,0,0,0,0,401
2021-02-26,Congo (Kinshasa),25691,707,0,24984,25144,700,0,24444,25144,24964,89561404,547,7,0,540,0,727
2021-02-26,Costa Rica,204341,2800,0,201541,203914,2796,0,201118,203496,201678,5058007,427,4,0,423,418,2663
2021-02-26,Cote d'Ivoire,32478,190,0,32288,32295,188,0,32107,32295,31825,25823071,183,2,0,181,0,653
2021-02-26,Croatia,242097,5503,0,236594,241592,5489,0,236103,241048,239254,4076246,505,14,0,491,544,2843
2021-02-26,Cuba,48441,314,0,48127,47566,312,0,47254,46896,42547,11209628,875,2,0,873,670,5894
2021-02-26,Cyprus,34181,231,0,33950,33909,231,0,33678,33710,33046,875900,272,0,0,272,199,1135
2021-02-26,Czechia,1212780,19999,0,1192781,1198168,19835,0,1178333,1184352,1134957,10693939,14612,164,0,14448,13816,77823
2021-02-26,Denmark,210900,2354,0,208546,210370,2352,0,208018,209767,207305,5822763,530,2,0,528,603,3595
2021-02-26,Diamond Princess,712,13,0,699,712,13,0,699,712,712,,0,0,0,0,0,0
2021-02-26,Djibouti,6062,63,0,5999,6060,63,0,5997,6052,6022,1078373,2,0,0,2,8,40
2021-02-26,Dominica,142,0,0,142,142,0,0,142,141,134,,0,0,0,0,1,8
2021-02-26,Dominican Republic,238205,3082,0,235123,237629,3075,0,234554,236883,233598,10358320,576,7,0,569,746,4607
2021-02-26,Ecuador,282599,15713,0,266886,281169,15669,0,265500,278779,271276,17449288,1430,44,0,1386,2390,11323
2021-02-26,Egypt,181241,10590,0,170651,180640,10541,0,170099,180051,176943,100153850,601,49,0,552,589,4298
2021-02-26,El Salvador,59866,1841,0,58025,59235,1832,0,57403,59235,58546,6486201,631,9,0,622,0,1320
2021-02-26,Equatorial Guinea,5957,91,0,5866,5852,91,0,5761,5852,5747,1358276,105,0,0,105,0,210
2021-02-26,Eritrea,2847,7,0,2840,2826,7,0,2819,2789,2685,3497117,21,0,0,21,37,162
2021-02-26,Estonia,62830,575,0,62255,61627,567,0,61060,60475,56246,1328360,1203,8,0,1195,1152,6584
2021-02-26,Eswatini,16972,650,0,16322,16946,650,0,16296,16897,16742,1093238,26,0,0,26,49,230
2021-02-26,Ethiopia,157047,2340,0,154707,156112,2321,0,153791,155234,151016,98665000,935,19,0,916,878,6031
2021-02-26,Fiji,59,2,0,57,57,2,0,55,57,56,884887,2,0,0,2,0,3
2021-02-26,Finland,56407,742,0,55665,55687,740,0,54947,55122,52653,5527573,720,2,0,718,565,3754
2021-02-26,France,3746707,85738,0,3660969,3746475,85734,0,3660741,3721061,3620283,67069000,232,4,0,228,25414,126424
2021-02-26,Gabon,14564,83,0,14481,14234,80,0,14154,14234,13553,2172579,330,3,0,327,0,1011
2021-02-26,Gambia,4691,148,0,4543,4671,147,0,4524,4640,4543,,20,1,0,19,31,148
2021-02-26,Georgia,270137,3485,0,266652,269800,3475,0,266325,269438,267701,3723464,337,10,0,327,362,2436
2021-02-26,Germany,2436506,69939,0,2366567,2427069,69343,0,2357726,2416037,2381259,83149300,9437,596,0,8841,11032,55247
2021-02-26,Ghana,82586,594,0,81992,81673,588,0,81085,81245,79165,30280811,913,6,0,907,428,3421
2021-02-26,Greece,188201,6439,0,181762,186469,6410,0,180059,184686,177494,10724599,1732,29,0,1703,1783,10707
2021-02-26,Grenada,148,1,0,147,148,1,0,147,148,148,,0,0,0,0,0,0
2021-02-26,Guatemala,173814,6348,0,167466,173142,6334,0,166808,172764,170275,16604026,672,14,0,658,378,3539
2021-02-26,Guinea,15894,89,0,15805,15789,88,0,15701,15680,15216,12218357,105,1,0,104,109,678
2021-02-26,Guinea-Bissau,3241,48,0,3193,3215,48,0,3167,3171,3064,,26,0,0,26,44,177
2021-02-26,Guyana,8513,195,0,8318,8485,195,0,8290,8457,8357,782766,28,0,0,28,28,156
2021-02-26,Haiti,12352,247,0,12105,12352,247,0,12105,12352,12206,11577779,0,0,0,0,0,146
2021-02-26,Holy See,27,0,0,27,27,0,0,27,27,27,,0,0,0,0,0,0
2021-02-26,Honduras,168911,4117,0,164794,168243,4099,0,164144,167494,164077,9158345,668,18,0,650,749,4834
2021-02-26,Hungary,419182,14795,0,404387,414514,14672,0,399842,410129,397116,9772756,4668,123,0,4545,4385,22066
2021-02-26,Iceland,6049,29,0,6020,6049,29,0,6020,6049,6045,364260,0,0,0,0,0,4
2021-02-26,India,11079979,156938,0,10923041,11063491,156825,0,10906666,11046914,10977387,1360094159,16488,113,0,16375,16577,102592
2021-02-26,Indonesia,1322866,35786,0,1287080,1314634,35518,0,1279116,1306141,1263299,266911900,8232,268,0,7964,8493,59567
2021-02-26,Iran,1615184,59899,0,1555285,1607081,59830,0,1547251,1598875,1558159,83301053,8103,69,0,8034,8206,57025
2021-02-26,Iraq,688698,13365,0,675333,684362,13351,0,671011,680288,661477,39127900,4336,14,0,4322,4074,27221
2021-02-26,Ireland,218251,4300,0,213951,217478,4271,0,213207,216840,213400,4921500,773,29,0,744,638,4851
2021-02-26,Israel,770780,5697,0,765083,767726,5687,0,762039,763756,744513,9175050,3054,10,0,3044,3970,26267
2021-02-26,Italy,2888923,97227,0,2791696,2868435,96974,0,2771461,2848564,2780882,60243406,20488,253,0,20235,19871,108041
2021-02-26,Jamaica,22471,413,0,22058,22267,410,0,21857,22019,20581,2726667,204,3,0,201,248,1890
2021-02-26,Japan,429873,7818,0,422055,428816,7738,0,421078,427732,422718,126010000,1057,80,0,977,1084,7155
2021-02-26,Jordan,383912,4650,0,379262,380268,4627,0,375641,376441,357611,10641432,3644,23,0,3621,3827,26301
2021-02-26,Kazakhstan,261244,3160,0,258084,260384,3160,0,257224,259478,255584,18667696,860,0,0,860,906,5660
2021-02-26,Kenya,105467,1853,0,103614,105057,1847,0,103210,104780,103841,47564296,410,6,0,404,277,1626
2021-02-26,"Korea, South",89321,1595,0,87726,88922,1585,0,87337,88516,86574,51780579,399,10,0,389,406,2747
2021-02-26,Kosovo,68451,1592,0,66859,68006,1587,0,66419,67569,65450,1795666,445,5,0,440,437,3001
2021-02-26,Kuwait,189046,1072,0,187974,188024,1067,0,186957,187005,182460,4420110,1022,5,0,1017,1019,6586
2021-02-26,Kyrgyzstan,86142,1463,0,84679,86091,1463,0,84628,86025,85831,6523500,51,0,0,51,66,311
2021-02-26,Laos,45,0,0,45,45,0,0,45,45,45,,0,0,0,0,0,0
2021-02-26,Latvia,84983,1601,0,83382,84258,1593,0,82665,83445,80040,1906800,725,8,0,717,813,4943
2021-02-26,Lebanon,369692,4610,0,365082,366319,4560,0,361759,362850,351065,6825442,3373,50,0,3323,3469,18627
2021-02-26,Lesotho,10491,292,0,10199,10468,292,0,10176,10467,10455,,23,0,0,23,1,36
2021-02-26,Liberia,2010,85,0,1925,2009,85,0,1924,2002,1988,4475353,1,0,0,1,7,22
2021-02-26,Libya,132458,2174,0,130284,131833,2156,0,129677,131262,129325,,625,18,0,607,571,3133
2021-02-26,Liechtenstein,2564,54,0,2510,2558,54,0,2504,2553,2543,38749,6,0,0,6,5,21
2021-02-26,Lithuania,196690,3225,0,193465,196049,3209,0,192840,195481,192986,2793471,641,16,0,625,568,3704
2021-02-26,Luxembourg,55110,637,0,54473,54871,634,0,54237,54678,53782,613894,239,3,0,236,193,1328
2021-02-26,MS Zaandam,9,2,0,7,9,2,0,7,9,9,,0,0,0,0,0,0
2021-02-26,Madagascar,19831,297,0,19534,19831,297,0,19534,19831,19598,25680342,0,0,0,0,0,233
2021-02-26,Malawi,31675,1037,0,30638,31502,1033,0,30469,31295,30277,,173,4,0,169,207,1398
2021-02-26,Malaysia,295951,1111,0,294840,293698,1100,0,292598,291774,277811,32726760,2253,11,0,2242,1924,18140
2021-02-26,Maldives,19479,60,0,19419,19346,60,0,19286,19162,18467,374775,133,0,0,133,184,1012
2021-02-26,Mali,8358,350,0,8008,8349,349,0,8000,8332,8260,,9,1,0,8,17,98
2021-02-26,Malta,21982,313,0,21669,21724,311,0,21413,21532,20563,493559,258,2,0,256,192,1419
2021-02-26,Marshall Islands,4,0,0,4,4,0,0,4,4,4,,0,0,0,0,0,0
2021-02-26,Mauritania,17187,439,0,16748,17179,439,0,16740,17158,17071,4077347,8,0,0,8,21,116
2021-02-26,Mauritius,610,10,0,600,610,10,0,600,610,603,1265985,0,0,0,0,0,7
2021-02-26,Mexico,2076882,184474,0,1892408,2069370,183692,0,1885678,2060908,2030491,126577691,7512,782,0,6730,8462,46391
2021-02-26,Micronesia,1,0,0,1,1,0,0,1,1,1,,0,0,0,0,0,0
2021-02-26,Moldova,183338,3899,0,179439,181886,3871,0,178015,180150,175183,2681735,1452,28,0,1424,1736,8155
2021-02-26,Monaco,1942,23,0,1919,1932,23,0,1909,1916,1844,38300,10,0,0,10,16,98
2021-02-26,Mongolia,2866,2,0,2864,2831,2,0,2829,2801,2586,3308788,35,0,0,35,30,280
2021-02-26,Montenegro,74789,994,0,73795,74183,987,0,73196,73612,71112,622359,606,7,0,599,571,3677
2021-02-26,Morocco,482994,8608,0,474386,482514,8598,0,473916,482128,480504,35846095,480,10,0,470,386,2490
2021-02-26,Mozambique,58218,613,0,57605,57597,613,0,56984,56920,54204,,621,0,0,621,677,4014
2021-02-26,Namibia,38424,418,0,38006,38206,416,0,37790,37976,36993,2458936,218,2,0,216,230,1431
2021-02-26,Nepal,273984,2771,0,271213,273872,2685,0,271187,273760,273263,29609623,112,86,0,26,112,721
2021-02-26,Netherlands,1093899,15626,0,1078273,1088730,15561,0,1073169,1083686,1061903,17447181,5169,65,0,5104,5044,31996
2021-02-26,New Zealand,2372,26,0,2346,2371,26,0,2345,2368,2350,4972216,1,0,0,1,3,22
2021-02-26,Nicaragua,6445,173,0,6272,6445,173,0,6272,6445,6398,6460411,0,0,0,0,0,47
2021-02-26,Niger,4740,172,0,4568,4740,172,0,4568,4740,4725,22314743,0,0,0,0,0,15
2021-02-26,Nigeria,155076,1902,0,153174,154476,1891,0,152585,153842,150908,206139587,600,11,0,589,634,4168
2021-02-26,North Macedonia,101762,3119,0,98643,101214,3111,0,98103,100632,98584,2077132,548,8,0,540,582,3178
2021-02-26,Norway,70564,622,0,69942,70040,620,0,69420,69489,68107,5367580,524,2,0,522,551,2457
2021-02-26,Oman,140588,1562,0,139026,140588,1562,0,139026,140300,138494,4664790,0,0,0,0,288,2094
2021-02-26,Pakistan,578797,12837,0,565960,577482,12804,0,564678,575941,569846,219027520,1315,33,0,1282,1541,8951
2021-02-26,Panama,339781,5820,0,333961,339383,5810,0,333573,338701,335339,4218808,398,10,0,388,682,4442
2021-02-26,Papua New Guinea,1228,12,0,1216,1228,12,0,1216,1139,955,8935000,0,0,0,0,89,273
2021-02-26,Paraguay,157603,3152,0,154451,156189,3135,0,153054,154904,149684,7152703,1414,17,0,1397,1285,7919
2021-02-26,Peru,1316363,46094,0,1270269,1300799,45683,0,1255116,1293497,1261804,32131400,15564,411,0,15153,7302,54559
2021-02-26,Philippines,571327,12247,0,559080,568680,12201,0,556479,566420,557058,108438081,2647,46,0,2601,2260,14269
2021-02-26,Poland,1684788,43353,0,1641435,1673252,43094,0,1630158,1661109,1623218,38386000,11536,259,0,11277,12143,61570
2021-02-26,Portugal,802773,16243,0,786530,801746,16185,0,785561,800586,794769,10276617,1027,58,0,969,1160,8004
2021-02-26,Qatar,162737,257,0,162480,162268,257,0,162011,161803,159518,2747282,469,0,0,469,465,3219
2021-02-26,Romania,795732,20233,0,775499,791971,20167,0,771804,788048,774555,19405156,3761,66,0,3695,3923,21177
2021-02-26,Russia,4175757,83900,0,4091857,4164802,83481,0,4081321,4153735,4092649,146745098,10955,419,0,10536,11067,83108
2021-02-26,Rwanda,18689,258,0,18431,18553,258,0,18295,18443,17929,12374397,136,0,0,136,110,760
2021-02-26,Saint Kitts and Nevis,41,0,0,41,41,0,0,41,41,41,,0,0,0,0,0,0
2021-02-26,Saint Lucia,3356,35,0,3321,3149,34,0,3115,3149,2620,178696,207,1,0,206,0,736
2021-02-26,Saint Vincent and the Grenadines,1519,6,0,1513,1519,6,0,1513,1519,1494,110608,0,0,0,0,0,25
2021-02-26,Samoa,3,0,0,3,3,0,0,3,3,3,,0,0,0,0,0,0
2021-02-26,San Marino,3671,73,0,3598,3621,73,0,3548,3585,3440,33574,50,0,0,50,36,231
2021-02-26,Sao Tome and Principe,1745,28,0,1717,1719,27,0,1692,1672,1578,,26,1,0,25,47,167
2021-02-26,Saudi Arabia,376723,6483,0,370240,376377,6480,0,369897,376021,374366,34218169,346,3,0,343,356,2357
2021-02-26,Senegal,34031,857,0,33174,33741,852,0,32889,33453,32378,16209125,290,5,0,285,288,1653
2021-02-26,Serbia,453240,4414,0,448826,449901,4398,0,445503,446313,431680,6963764,3339,16,0,3323,3588,21560
2021-02-26,Seychelles,2592,11,0,2581,2562,11,0,2551,2562,2305,97625,30,0,0,30,0,287
2021-02-26,Sierra Leone,3884,79,0,3805,3884,79,0,3805,3880,3841,,0,0,0,0,4,43
2021-02-26,Singapore,59913,29,0,59884,59900,29,0,59871,59890,59846,5703600,13,0,0,13,10,67
2021-02-26,Slovakia,303420,6966,0,296454,300775,6859,0,293916,298337,287752,5456362,2645,107,0,2538,2438,15668
2021-02-26,Slovenia,188676,3823,0,184853,187762,3809,0,183953,187005,183396,2094060,914,14,0,900,757,5280
2021-02-26,Solomon Islands,18,0,0,18,18,0,0,18,18,18,,0,0,0,0,0,0
2021-02-26,Somalia,6687,223,0,6464,6687,223,0,6464,6549,5632,15893219,0,0,0,0,138,1055
2021-02-26,South Africa,1510778,49784,0,1460994,1509124,49667,0,1459457,1507448,1500677,58775022,1654,117,0,1537,1676,10101
2021-02-26,South Sudan,7597,90,0,7507,7349,87,0,7262,7224,6277,,248,3,0,245,125,1320
2021-02-26,Spain,3188553,69142,0,3119411,3180212,68813,0,3111399,3170644,3133122,47100396,8341,329,0,8012,9568,55431
2021-02-26,Sri Lanka,82430,464,0,81966,81933,459,0,81474,81467,78937,21803000,497,5,0,492,466,3493
2021-02-26,Sudan,30284,1878,0,28406,30236,1878,0,28358,30236,30128,42364155,48,0,0,48,0,156
2021-02-26,Suriname,8913,170,0,8743,8901,170,0,8731,8892,8854,581372,12,0,0,12,9,59
2021-02-26,Sweden,657309,12826,0,644483,652465,12798,0,639667,647470,631166,10333456,4844,28,0,4816,4995,26143
2021-02-26,Switzerland,554932,9961,0,544971,553867,9954,0,543913,552698,547775,8586550,1065,7,0,1058,1169,7157
2021-02-26,Syria,15467,1018,0,14449,15405,1014,0,14391,15343,15094,,62,4,0,58,62,373
2021-02-26,Taiwan*,951,9,0,942,951,9,0,942,946,941,23604265,0,0,0,0,5,10
2021-02-26,Tajikistan,13308,90,0,13218,13308,90,0,13218,13308,13308,,0,0,0,0,0,0
2021-02-26,Tanzania,509,21,0,488,509,21,0,488,509,509,55890747,0,0,0,0,0,0
2021-02-26,Thailand,25809,83,0,25726,25764,83,0,25681,25692,25241,66484342,45,0,0,45,72,568
2021-02-26,Timor-Leste,110,0,0,110,110,0,0,110,109,103,,0,0,0,0,1,7
2021-02-26,Togo,6730,82,0,6648,6637,82,0,6555,6548,6182,7538000,93,0,0,93,89,548
2021-02-26,Trinidad and Tobago,7704,139,0,7565,7697,139,0,7558,7690,7666,1363985,7,0,0,7,7,38
2021-02-26,Tunisia,231964,7942,0,224022,231298,7911,0,223387,230443,226740,11722038,666,31,0,635,855,5224
2021-02-26,Turkey,2683971,28432,0,2655539,2674766,28358,0,2646408,2665194,2624019,83154997,9205,74,0,9131,9572,59952
2021-02-26,US,28486394,510458,0,27975936,28413388,508307,0,27905081,28336097,28006110,329493716,73006,2151,0,70855,77291,480284
2021-02-26,Uganda,40322,334,0,39988,40300,334,0,39966,40261,40168,40299300,22,0,0,22,39,154
2021-02-26,Ukraine,1381273,27146,0,1354127,1373139,26991,0,1346148,1364861,1340054,41902416,8134,155,0,7979,8278,41219
2021-02-26,United Arab Emirates,385160,1198,0,383962,381662,1182,0,380480,378637,365017,9890400,3498,16,0,3482,3025,20143
2021-02-26,United Kingdom,4175315,122648,0,4052667,4166727,122303,0,4044424,4156707,4107290,66435600,8588,345,0,8243,10020,68025
2021-02-26,Uruguay,56542,601,0,55941,55695,595,0,55100,54874,51377,3518552,847,6,0,841,821,5165
2021-02-26,Uzbekistan,79804,622,0,79182,79773,622,0,79151,79749,79598,34083289,31,0,0,31,24,206
2021-02-26,Vanuatu,1,0,0,1,1,0,0,1,1,1,,0,0,0,0,0,0
2021-02-26,Venezuela,138295,1338,0,136957,137871,1334,0,136537,137445,135114,32219521,424,4,0,420,426,3181
2021-02-26,Vietnam,2426,35,0,2391,2421,35,0,2386,2412,2362,96208984,5,0,0,5,9,64
2021-02-26,West Bank and Gaza,180848,2019,0,178829,179293,2008,0,177285,177768,171717,,1555,11,0,1544,1525,9131
2021-02-26,Yemen,2267,627,0,1640,2255,625,0,1630,2221,2157,,12,2,0,10,34,110
2021-02-26,Zambia,77639,1066,0,76573,77171,1059,0,76112,76484,73203,17381168,468,7,0,461,687,4436
2021-02-26,Zimbabwe,36044,1463,0,34581,35994,1458,0,34536,35960,35710,15159624,50,5,0,45,34,334
